16
 1  5  9 13  2  6 10 14  3  7 11 15  4  8 12 16
 2  6 10 14  3  7 11 15  4  8 12 16  5  9 13  1
 3  7 11 15  4  8 12 16  5  9 13  1  6 10 14  2
 4  8 12 16  5  9 13  1  6 10 14  2  7 11 15  3
 5  9 13  1  6 10 14  2  7 11 15  3  8 12 16  4
 6 10 14  2  7 11 15  3  8 12 16  4  9 13  1  5
 7 11 15  3  8 12 16  4  9 13  1  5 10 14  2  6
 8 12 16  4  9 13  1  5 10 14  2  6 11 15  3  7
 9 13  1  5 10 14  2  6 11 15  3  7 12 16  4  8
10 14  2  6 11 15  3  7 12 16  4  8 13  1  5  9
11 15  3  7 12 16  4  8 13  1  5  9 14  2  6 10
12 16  4  8 13  1  5  9 14  2  6 10 15  3  7 11
13  1  5  9 14  2  6 10 15  3  7 11 16  4  8 12
14  2  6 10 15  3  7 11 16  4  8 12  1  5  9 13
15  3  7 11 16  4  8 12  1  5  9 13  2  6 10 14
16  4  8 12  1  5  9 13  2  6 10 14  3  7 11 14