25
 1  6 11 16 21   2  7 12 17 22   3  8 13 18 23  4  9 14 19 24   5 10 15 20 25
 2  7 12 17 22   3  8 13 18 23   4  9 14 19 24  5 10 15 20 25   6 11 16 21  1
 3  8 13 18 23   4  9 14 19 24   5 10 15 20 25  6 11 16 21  1   7 12 17 22  2
 4  9 14 19 24   5 10 15 20 25   6 11 16 21  1  7 12 17 22  2   8 13 18 23  3
 5 10 15 20 25   6 11 16 21  1   7 12 17 22  2  8 13 18 23  3   9 14 19 24  4

 6 11 16 21  1   7 12 17 22  2   8 13 18 23  3  9 14 19 24  4  10 15 20 25  5
 7 12 17 22  2   8 13 18 23  3   9 14 19 24  4 10 15 20 25  5  11 16 21  1  6
 8 13 18 23  3   9 14 19 24  4  10 15 20 25  5 11 16 21  1  6  12 17 22  2  7
 9 14 19 24  4  10 15 20 25  5  11 16 21  1  6 12 17 22  2  7  13 18 23  3  8
10 15 20 25  5  11 16 21  1  6  12 17 22  2  7 13 18 23  3  8  14 19 24  4  9

11 16 21  1  6  12 17 22  2  7  13 18 23  3  8 14 19 24  4  9  15 20 25  5 10
12 17 22  2  7  13 18 23  3  8  14 19 24  4  9 15 20 25  5 10  16 21  1  6 11
13 18 23  3  8  14 19 24  4  9  15 20 25  5 10 16 21  1  6 11  17 22  2  7 12
14 19 24  4  9  15 20 25  5 10  16 21  1  6 11 17 22  2  7 12  18 23  3  8 13
15 20 25  5 10  16 21  1  6 11  17 22  2  7 12 18 23  3  8 13  19 24  4  9 14

16 21  1  6 11  17 22  2  7 12  18 23  3  8 13 19 24  4  9 14  20 25  5 10 15
17 22  2  7 12  18 23  3  8 13  19 24  4  9 14 20 25  5 10 15  21  1  6 11 16
18 23  3  8 13  19 24  4  9 14  20 25  5 10 15 21  1  6 11 16  22  2  7 12 17
19 24  4  9 14  20 25  5 10 15  21  1  6 11 16 22  2  7 12 17  23  3  8 13 18
20 25  5 10 15  21  1  6 11 16  22  2  7 12 17 23  3  8 13 18  24  4  9 14 19

21  1  6 11 16  22  2  7 12 17  23  3  8 13 18 24  4  9 14 19  25  5 10 15 20
22  2  7 12 17  23  3  8 13 18  24  4  9 14 19 25  5 10 15 20   1  6 11 16 21
23  3  8 13 18  24  4  9 14 19  25  5 10 15 20  1  6 11 16 21   2  7 12 17 22
24  4  9 14 19  25  5 10 15 20   1  6 11 16 21  2  7 12 17 22   3  8 13 18 23
25  5 10 15 20   1  6 11 16 21   2  7 12 17 22  3  8 13 18 23   4  9 14 19 24